Trajectory IDs
001,20081106051423
010,20080617094444
011,20081011065339
011,20081116062731
011,20081116065812
011,20081211065837
012,20081124103553
012,20081209032204
014,20081029115759
014,20081107122641
014,20081114123115
014,20081121123439
018,20081114012806
020,20110827093443
020,20110828143340
020,20110830140923
020,20110831041504
020,20110831152810
020,20110901144954
020,20110905040559
020,20110905142237
020,20110909021505
020,20110909154401
020,20110913020920
020,20110922012559
020,20110929020133
020,20111006040601
020,20111015112503
020,20111016034837
020,20111024014825
020,20111102020429
020,20111104044425
020,20111108020135
020,20111110015226
020,20111116014801
020,20111116153831
020,20111124020829
020,20111128151537
020,20111227051001
022,20090204033634
022,20090212103652
022,20090219110435
022,20090222041103
022,20090305004834
022,20090403020507
022,20090410001221
022,20090413001437
022,20090415235538
022,20090418045734
022,20090419024851
022,20090423152905
022,20090425045823
022,20090428000237
022,20090505235207
022,20090505235557
022,20090510020907
022,20090511000217
022,20090512000434
022,20090515001531
022,20090515223755
022,20090609001153
022,20090610232737
022,20090615233430
022,20090620013537
022,20090625235124
022,20090629002637
025,20081215000152
025,20081215113016
025,20081216060748
025,20081216075439
025,20081216111246
025,20081217010000
025,20081217111420
025,20081217112440
025,20081219045409
025,20081219090103
025,20081219125012
025,20081220001017
025,20081220014325
025,20081221012534
025,20081221042218
025,20081222013746
025,20081222063433
025,20081222064653
025,20081222105303
025,20081223023210
025,20081225075347
025,20081225112927
025,20081225115743
025,20081226002953
025,20081226005439
025,20081226013314
025,20081226123921
025,20081227053536
025,20081227125217
025,20081228111539
025,20090104001105
025,20090104005456
025,20090104120001
025,20090105015509
025,20090105040302
025,20090108031920
025,20090108054345
025,20090108093009
025,20090108112506
025,20090109004616
025,20090109015440
025,20090109023014
025,20090109065503
025,20090109070326
025,20090109105934
025,20090110000000
025,20090110040558
025,20090110051300
025,20090110100635
025,20090111043835
025,20090111114445
025,20090216013306
025,20090216033457
025,20090216060742
025,20090217035206
025,20090217124821
025,20090218062206
025,20090218114516
025,20090220064006
025,20090221042606
025,20090221062656
025,20090306004039
025,20090307062539
025,20090307065653
025,20090308031437
025,20090308075035
025,20090308120337
025,20090309114930
025,20090309121516
025,20090310115724
025,20090311021122
025,20090311063517
025,20090312010036
025,20090312123859
025,20090313024449
025,20090313061317
025,20090313074253
025,20090314021350
025,20090317125906
025,20090317135241
025,20090318090341
025,20090319121600
025,20090320130731
025,20090321043744
025,20090321060146
025,20090322111914
025,20090330104105
025,20090330114425
025,20090330122841
025,20090330130249
025,20090331075340
025,20090401153457
025,20090402100958
025,20090402133654
025,20090403041837
025,20090403045558
025,20090403112502
025,20090404050520
025,20090405104813
025,20090406084024
025,20090408134250
025,20090410114927
025,20090411041141
025,20090411065538
025,20090412034215
025,20090413042821
025,20090414005850
025,20090415001516
025,20090416233618
025,20090417091109
025,20090418105749
025,20090419043600
025,20090419111710
025,20090420141411
025,20090424030547
025,20090424101909
025,20090425140643
025,20090428123849
025,20090428131110
025,20090428135145
025,20090428222818
025,20090429091814
025,20090429231436
025,20090430104319
025,20090505122944
025,20090506041108
025,20090506120456
025,20090507201319
025,20090520114811
025,20090520234651
025,20090521235502
025,20090522124200
025,20090523000115
025,20090526235709
025,20090529100124
025,20090601121555
025,20090605035359
025,20090606005515
025,20090611085512
025,20090615074716
025,20090615132630
025,20090615142743
025,20090619023451
025,20090620001440
025,20090621005632
025,20090625000008
025,20090626115640
025,20090626142016
025,20090629002542
025,20090629013154
025,20090629081014
025,20090630123834
025,20090701091446
025,20090701143746
025,20090701165346
025,20090702091404
025,20090703053357
025,20090704101609
025,20090705234132
025,20090706112513
025,20090706124423
025,20090708020049
025,20090708032528
025,20090708083822
034,20090214092940
034,20090216071439
034,20090216094300
034,20090219042808
034,20090220062856
034,20090220103916
034,20090226052730
034,20090226083518
034,20090226091233
034,20090227023234
034,20090227073625
034,20090228000649
034,20090303011403
034,20090303104219
034,20090306091145
034,20090306095705
034,20090309103826
034,20090310084012
034,20090310102116
034,20090313084646
034,20090313110440
034,20090314074145
034,20090317074546
034,20090318073514
034,20090318085737
034,20090320080459
034,20090324081337
034,20090326064509
034,20090406051405
034,20090408071331
034,20090408101806
034,20090410110536
034,20090416044628
034,20090420050013
034,20090420104145
037,20090120112235
037,20090121083354
037,20090228094425
037,20090302093515
037,20090309053818
037,20090313015123
037,20090317064701
037,20090318013908
037,20090326100941
037,20090327071438
037,20090327094241
037,20090328164242
037,20090407054346
037,20090408050609
037,20090416060054
037,20090418100418
037,20090420054955
038,20090207170717
038,20090209011449
038,20090211001505
038,20090215061641
038,20090216032052
038,20090217090721
038,20090219015043
038,20090219090733
038,20090220040136
038,20090221014237
038,20090222233410
038,20090224023833
038,20090227005441
038,20090308002954
038,20090317064751
038,20090317084154
038,20090319012516
038,20090320080752
038,20090321041654
038,20090403061032
038,20090407030406
038,20090410124138
038,20090410223116
038,20090413002310
038,20090416085408
038,20090420014909
038,20090422033246
039,20090215061356
040,20090214121407
040,20090217083427
040,20090217084353
042,20081220124348
043,20090310051338
043,20090412125925
050,20090805032115
050,20090805112115
051,20080121080910
051,20080326153045
051,20080430181146
052,20080315050746
052,20080819232504
052,20080827111000
052,20080902055635
052,20081011033025
054,20090628174508
055,20110809094530
055,20110809220352
055,20110828085951
055,20110830140828
055,20110930085058
062,20071210030740
062,20080103065554
062,20080107043919
062,20080117032506
062,20080618095317
062,20080619115702
062,20080621042339
062,20080727011111
062,20080728081609
062,20080731070055
062,20080731122039
062,20080801094434
062,20080804102635
062,20080804225239
062,20080810030221
062,20080815101056
062,20080816095653
062,20080818113640
062,20080820110900
062,20080821141014
062,20080821154130
062,20080823105259
062,20080825044741
062,20080828042950
062,20080828072539
062,20080829030812
062,20080830005353
062,20080830042746
062,20080903000002
062,20080905035138
062,20080905111516
062,20080906060924
062,20080907034710
062,20080907111712
062,20080911011426
062,20080911013439
062,20080911082240
062,20080912080937
062,20080912091105
062,20080913015211
062,20080913053941
062,20080917000253
062,20080917051138
062,20080917062507
062,20080917091345
062,20080918030704
062,20080918054104
062,20080918064049
062,20080919071837
062,20080923010317
062,20080923062602
062,20080924055310
062,20080924073337
062,20080925052415
062,20080925073621
062,20081005111625
062,20081015102941
062,20081016001730
062,20081016085851
062,20081016093845
062,20081016100044
062,20081016113129
062,20081017103405
062,20081018120237
062,20081019021404
062,20081019030901
062,20081020005437
062,20081021092613
062,20081021093102
062,20081029035920
062,20081030021734
062,20081030032947
062,20081030040752
062,20081030055544
062,20081030083451
062,20081030091401
062,20081030112806
062,20081031000001
062,20081031085514
062,20081031105404
062,20081101030134
062,20081101061208
062,20081101062043
062,20081102072821
062,20081102081524
062,20081103115039
062,20081103125110
062,20081104010333
062,20081104041114
062,20081105002623
062,20081105010014
062,20081105032159
062,20081105044046
062,20081105083404
062,20081105111108
062,20081105123909
062,20081106031826
062,20081106093504
062,20081106112738
062,20081108094809
062,20081109044443
062,20081109053559
062,20081109062802
062,20081110113119
062,20081111035922
062,20081111041849
062,20081111103634
062,20081111113645
062,20081112101140
062,20081112113306
062,20081113012910
062,20081113114325
062,20081113124253
062,20081116084956
062,20081117010846
062,20081204012250
062,20081204101128
062,20081205095048
062,20081207085047
062,20081207092914
062,20081208110023
062,20081209090839
062,20081209093448
062,20081209094610
062,20081211020211
062,20081211021907
062,20081211035950
062,20081211040737
062,20081211051513
062,20081211055202
062,20081212013950
062,20081212082600
062,20081212101946
062,20081212123313
062,20081213083317
062,20081213085201
062,20081213104202
062,20081214002649
062,20081214032551
064,20080818000235
064,20080825063405
064,20080825114723
064,20080826002736
064,20080828004435
064,20080831113836
065,20110805181727
065,20110808183201
065,20110809090307
065,20110817172824
065,20110825144457
065,20110905105327
065,20110908015551
065,20110908140955
065,20110919140853
065,20110922130627
065,20110923095233
065,20110928005257
065,20110929140427
065,20111003025152
065,20111005004827
065,20111009012500
065,20111009120503
065,20111010105222
065,20111014095751
065,20111018004457
065,20111018080247
065,20111024012351
067,20110408135041
067,20110411104029
067,20110416074434
067,20110418052505
067,20110419131553
067,20110425124757
067,20110501134305
067,20110503010452
067,20110503131022
067,20110509143231
071,20111227005947
071,20120103095751
071,20120116151013
071,20120331015622
074,20120104144202
074,20120108125355
074,20120111141059
074,20120131135403
074,20120202135815
074,20120206141208
074,20120209141107
074,20120213120529
074,20120223130107
074,20120224114655
074,20120301133804
074,20120303121908
074,20120307133821
074,20120309141825
074,20120312124107
074,20120409133338
074,20120424141952
075,20110809094530
075,20110809220352
075,20110828085951
075,20110830140828
075,20110930085058
083,20090219214425
083,20090220094558
088,20081011065339
092,20071205144716
092,20071214113858
092,20071228092321
092,20071230171909
092,20080109102417
092,20080110082612
092,20080111082210
092,20080117132733
092,20080122090708
092,20080310081950
092,20080317082421
092,20080528115656
092,20080531001341
092,20080609070837
092,20080615000608
092,20080615074701
092,20080621171637
092,20080626181626
092,20080629095405
092,20080703142414
092,20080718182312
092,20080721072245
092,20080804123326
092,20080806073008
092,20080813073848
095,20110521163306
095,20110522162025
095,20110528162053
097,20070415145925
097,20070418014633
097,20070422005839
100,20110802234922
101,20080309132917
101,20080629025234
101,20080629075340
102,20111021143338
102,20111029071031
102,20111109111537
102,20111226025543
103,20080908134118
104,20071210191338
104,20080103120703
104,20080528190201
104,20080923095605
104,20080923210517
104,20081008105230
110,20080105115446
110,20080222183301
112,20080429135704
126,20080516130506
126,20080629025234
126,20080629075340
128,20080507112439
128,20080524061504
128,20090326124725
128,20090423094246
128,20091204100615
128,20100609031615
128,20101105082434
130,20090829171131
130,20090830144112
134,20070425005606
134,20070426021933
134,20070430031640
134,20070508111400
134,20070514105835
134,20080105101716
140,20090524064208
141,20110830114033
141,20110923102203
141,20111009112351
141,20111010104611
141,20111011114323
144,20090312092010
145,20080429060604
145,20080510041352
145,20080517103536
145,20080703034708
147,20110427192053
147,20110516213330
147,20110517221041
153,20080524061504
153,20080614021333
153,20080614050859
153,20080614055231
153,20090528095634
153,20090626083252
153,20110428143558
153,20111021183734
153,20111028181652
153,20120615182728
159,20120406142535
159,20120410143854
159,20120423122200
163,20120502173025
164,20071208013332
165,20111018143604
165,20111112084303
165,20111113104727
167,20080709040859
168,20110710101058
168,20110818101352
174,20071207230744
174,20071211055512
174,20080224025412
174,20080227033047
174,20080312062633
174,20080314053659
174,20080407031906
174,20080517122215
174,20080522074712
174,20080524095127
174,20080621145529
174,20080628143506
174,20080702092548
174,20080707132116
174,20080713040012
174,20080808024451
174,20080815130621
181,20071231060101
